
AccelX = [211
212
202
212
211
207
203
207
204
209
198
193
179
158
148
112
59
198
329
590
732
363
-227
-569
-705
-467
-375
-206
202
914
1320
1214
839
225
-309
-630
-802
-893
-633
-378
-194
44
52
226
428
594
697
577
452
553
339
152
121
-115
-371
-461
-446
-456
-474
-393
-319
-346
-333
-350
-239
-188
-304
-320
-94
25
89
86
116
74
92
102
-90
-153
-91
-196
-172
-86
-102
0
386
529
508
485
464
414
244
54
-149
-354
-443
-467
-540
-474
-413
-469
-499
-444
-361
-541
-611
-452
-459
-446
-488
-393
-457
-289
-358
-346
-187
-139
-34
-67
-11
-9
-90
-147
28
-27
53
-84
-110
38
-82
33
-47
47
177
190
286
350
432
373
307
378
597
695
513
605
659
590
577
673
700
615
576
660
658
543
445
265
156
38
126
114
-114
-260
-239
-258
-348
-452
-621
-820
-944
-923
-884
-898
-837
-745
-731
-874
-816
-718
-786
-661
-579
-550
-479
-351
-269
-333
-178
-116
11
-51
196
444
528
658
648
719
852
955
755
641
630
603
596
547
537
440
430
319
418
429
377
461
517
477
267
169
85
-4
-54
-50
-39
-214
-296
-193
-366
-185
-96
45
86
11
-66
-13
-134
16
-60
-46
-143
-57
75
-34
-39
-226
-167
-178
-166
-261
-170
-287
-368
-537
-482
-507
-724
-691
-828
-830
-547
-557
-405
-447
-230
-105
-190
-17
-108
-38
-143
-65
-573
-700
-780
-615
-447
-346
-818
-925
-663
-368
-346
-249
-370
-312
-327
-540
-562
-556
-574
-969
-934
-654
-580
-654
-556
-554
-752
-1001
-586
-1258
-446
-788
-649
-1202
-353
43
-63
363
94
645
672
608
703
447
719
791
742
715
682
609
621
625
584
526
595
497
510
388
391
270
323
228
176
39
22
25
121
-63
-77
-114
-152
-134
-168
-236
-330
-341
-429
-461
-498
-464
-705
-606
-818
-797
-674
-573
-755
-734
-987
-804
-975
-835
-816
-493
-384
-251
-201
-342
-461
-671
-716
-689
-651
-907
-625
-738
-705
-768
-843
-760
-589
-552
-535
-513
-419
-370
-325
-297
-286
-247
-276
-124
-282
-389
-324
-519
-358
-272
-485
-152
-352
-384
-103
-78
-28
-65
-179
93
125
146
268
221
151
-31
-274
-428
-683
-932
-549
-355
-467
-614
-680
-613
-766
-791
-1014
-835
-689
-739
-625
-653
-592
-591
-310
-455
-505
-389
-308
-86
-57
90
182
315
314
249
303
352
436
576
612
609
592
567
559
488
371
383
332
34
240
315
197
250
362
381
412
244
156
205
46
-168
-218
-156
-254
-225
-233
-348
-495
-418
-703
-625
-681
-528
-691
-785
-467
-289
-394
-300
-137
-120
-15
14
37
43
-57
32
1
86
-4
47
60];

AccelY = [384
391
366
362
375
360
385
386
379
389
382
369
347
344
262
120
251
527
643
1165
1416
1554
1059
432
-40
-348
-155
-381
-1345
-1578
-1600
-569
-75
893
1707
1999
1999
1509
391
-25
-495
-815
-998
-1083
-828
-767
-726
-212
389
909
699
1193
1094
839
936
1209
1530
1213
871
782
743
639
577
504
249
322
69
-206
-649
-590
-617
-764
-1076
-1556
-1877
-1905
-1990
-2000
-2000
-2000
-1513
-1720
-984
-83
181
18
-333
15
154
-32
316
633
388
526
789
807
484
663
510
408
179
192
499
174
78
254
-33
-98
66
147
-233
-251
-46
-303
-407
-559
-362
-321
-867
-683
-699
-919
-877
-1125
-1186
-1048
-1028
-1140
-1268
-1290
-1103
-773
-1306
-1668
-1789
-1345
-1295
-1183
-791
-256
-104
-726
-453
-319
-396
-537
-367
-103
-103
-371
-22
420
-7
222
574
373
442
921
1241
522
437
965
1236
783
696
788
660
607
880
737
744
597
613
561
383
113
83
78
-179
-74
-106
-108
-221
-371
-439
-458
-524
-555
-558
-860
-553
-387
-647
-528
-320
-315
-516
58
51
-74
311
4
81
82
22
178
-86
24
119
152
260
278
49
55
-25
120
173
-56
104
163
-26
192
510
-62
-394
-722
-964
-739
-553
-761
-757
-986
-894
-823
-1009
-1063
-1065
-1110
-922
-430
-1378
-854
-482
-286
-491
-30
188
-100
256
188
330
568
945
592
643
528
1084
1058
1037
1070
1073
934
1084
1025
999
1046
866
975
1135
739
-306
-623
-786
-649
-639
-1658
-2000
-1290
-837
-1265
-870
-287
-376
189
123
323
165
22
-89
86
78
-2
-392
-587
-378
161
90
-118
-48
-150
-9
642
-111
-314
208
247
282
128
-208
121
391
65
42
170
173
186
-91
-269
-221
-139
-225
-344
-285
-135
-78
-102
-172
-433
-270
-161
-245
-387
-458
-382
-181
-266
-185
-92
-262
-276
-197
-278
-274
-24
-544
-629
76
-725
-1275
-243
-616
-312
-199
-38
-308
-712
-491
-178
-272
-326
-359
-190
-101
256
54
82
-512
-295
-827
-1401
-311
-124
-376
-766
-1047
-896
-964
-1363
-1098
-872
-1187
-938
-823
-322
-677
-599
59
-47
183
210
96
628
677
761
683
644
848
616
450
696
691
795
856
920
968
974
766
706
702
695
868
750
607
880
405
-383
-994
-251
-133
-659
-961
-758
-288
-204
-821
-1510
-1380
-834
-732
-1031
-1170
-892
-1042
-1166
-1085
-1331
-1232
-1416
-1213
-968
-863
-682
-617
-517
-241
-90
280
49
-57
240
366
590
561
834
778
851
580
928
927
828
847
641
505
752
541
450
406
142
366
-28
-48
-745
-979
-974
-921
-542
-440
-1072
-1652
-1280
-1098
-1247
-1072
-851
-1364
-1666
-966
-1308
-1594
-758
-502
-493
-378
-131
214
202
221
422
832
696
637];

AccelZ = [882
878
876
888
878
868
882
879
886
899
887
851
848
844
804
845
782
739
1324
1506
1999
1989
1012
677
-193
-155
206
-3
-188
638
1396
1649
1997
1645
1788
1730
1628
1099
809
678
368
381
7
-109
481
662
325
558
1368
1454
1512
1564
1709
1458
1315
1354
1486
1565
1313
989
1193
882
612
324
253
277
145
-204
-288
39
263
34
297
297
59
32
-329
-994
-856
-749
-793
-302
-117
-183
-94
-83
-131
-354
-336
-251
7
-112
84
360
514
456
798
1081
1210
969
698
1429
1999
1416
882
1409
1523
1489
1200
1189
1120
1077
1218
813
862
666
814
608
646
663
422
331
402
610
227
239
240
299
389
-30
-304
-148
-196
-548
-354
0
-11
-8
-261
-197
-81
-1
-385
-430
-348
-481
-643
-596
-441
-460
-769
-543
-456
-237
-329
-552
-305
-23
-428
-229
342
-443
-344
-84
-52
-149
11
360
-200
390
413
633
541
1031
880
704
862
930
1026
938
1296
1081
1209
1437
1183
876
1231
1284
1239
1021
817
954
1080
1007
552
458
657
327
344
259
41
191
104
63
-5
-158
-335
-743
-775
-805
-797
-821
-744
-788
-1012
-1081
-1077
-1361
-1480
-1516
-1382
-1390
-1574
-913
-933
-492
-523
-518
-448
-535
-464
-473
-354
-28
130
-212
-53
39
308
392
388
586
367
807
1157
1203
1183
1101
1216
1224
969
1196
1511
1158
1451
451
879
1063
640
359
331
90
150
103
-152
-380
-440
-585
-771
-1092
-956
-947
-1315
-1433
-1409
-1104
-324
-398
-355
-247
183
480
-112
276
756
1364
900
928
1305
1639
1305
1109
1684
1557
1441
1136
962
814
888
1811
1948
1806
637
1703
1191
1607
821
181
938
546
345
124
-442
-226
-47
-269
-270
-421
-572
-552
-529
-680
-565
-499
-584
-538
-697
-640
-794
-574
-819
-958
-943
-879
-806
-906
-934
-933
-1006
-910
-814
-762
-883
-832
-692
-966
-1051
-775
-1185
-1090
-849
-1224
-1163
-796
-1297
-875
-1438
-744
-828
-901
-459
-875
-595
-389
-487
-813
-1020
-699
219
-821
-1122
-735
-122
290
-484
-750
-287
104
-4
-119
71
315
404
841
863
1125
1059
1012
1350
1475
1216
1165
1506
976
1037
1029
679
934
789
-48
263
188
-26
-159
-699
-1091
-425
-274
-514
-595
-505
-432
-715
-775
-419
-575
-1187
-873
-1101
-714
-869
-1313
-1279
-593
-599
-1161
-47
-360
-894
-206
-615
-129
-192
-656
-633
-205
88
-41
354
504
634
831
855
772
739
743
782
851
785
786
682
632
789
616
249
190
406
-330
-508
205
-279
-527
-581
-442
-480
-763
-857
-608
-756
-1004
-714
-802
-1001
-1105
-958
-982
-928
-62
-937
-1165
201
-452
-1166
-322
875
-289
-132
341
815
970
878
813
1188
1071
1147
920
679
827
873
701
973];

